-6.828913793119989251e+00
-6.436512810486526348e+00
-5.870852323125215655e+00
-5.641284296221796168e+00
-5.529331430086145360e+00
-5.452415124638746668e+00
-5.368485336847335532e+00
-5.331730868778860710e+00
-5.266975070130638592e+00
-5.239793090762376870e+00
-5.215551330311223310e+00
-5.187036298889418973e+00
-5.181844865908374231e+00
-5.172998808417773375e+00
-5.154635821295537212e+00
-5.145356128924849060e+00
-5.139478912436350022e+00
-5.131173244644856801e+00
-5.128848579701219101e+00
-5.125109591083459648e+00
-5.123439289261401797e+00
-5.120262979071154241e+00
-5.119410587739008811e+00
-5.118153804223111614e+00
-5.117832317420679900e+00
-5.117511472847935394e+00
-5.116823909600867637e+00
-5.116070754656465880e+00
-5.115644157497210465e+00
-5.115378795042003546e+00
-5.114805032587986133e+00
-5.113897276690702931e+00
-5.113735329818469566e+00
-5.113549297381705827e+00
-5.113158532261429912e+00
-5.112885603227129927e+00
-5.112719342618281537e+00
-5.112641931772094139e+00
-5.112614792106104034e+00
-5.112607614107749221e+00
-5.112586107430945326e+00
-5.112584920474946060e+00
-5.112559710389836809e+00
-5.112557317315276961e+00
-5.112539142484461507e+00
-5.112524357569267153e+00
-5.112519836312376498e+00
-5.112504780585373609e+00
-5.112501811247473604e+00
-5.112498214891438408e+00
