-6.342838290476970897e+00
-5.941261879445617566e+00
-5.822078831045088165e+00
-5.629230899369265018e+00
-5.474483175472582452e+00
-5.336185973032058882e+00
-5.284473124995532345e+00
-5.180509909408378633e+00
-5.142066312407383322e+00
-5.135178252973063628e+00
-5.094076040232051739e+00
-5.062347893064242932e+00
-5.043907651088611388e+00
-5.027349788808663789e+00
-5.020465503689651499e+00
-5.010535338390270432e+00
-5.008001069344624412e+00
-5.005700068606809161e+00
-5.003207236315574846e+00
-5.000582400319553145e+00
-4.998425833155716091e+00
-4.996315681054896096e+00
-4.995311711005570032e+00
-4.994559517102647561e+00
-4.992233387612333928e+00
-4.991081666374669545e+00
-4.990412843975255086e+00
-4.989875858851577917e+00
-4.989452186422833613e+00
-4.988909080896981152e+00
-4.988507322487560458e+00
-4.988078282526990037e+00
-4.987951751175502935e+00
-4.987553367184385245e+00
-4.987482998041697257e+00
-4.987328851588378242e+00
-4.987261060965075821e+00
-4.987194219254125649e+00
-4.987115024216683956e+00
-4.987016317005535271e+00
-4.986926216840071646e+00
-4.986874871894363181e+00
-4.986830227798704662e+00
-4.986784567133857315e+00
-4.986714611495042249e+00
-4.986694680857180373e+00
-4.986669880539063904e+00
-4.986653712443015252e+00
-4.986633448998961882e+00
-4.986622028996002598e+00
